# Southern Hake Data
# OK: number years
43

# OK: number ages
24

# OK: years vector
1977
1978
1979
1980
1981
1982
1983
1984
1985
1986
1987
1988
1989
1990
1991
1992
1993
1994
1995
1996
1997
1998
1999
2000
2001
2002
2003
2004
2005
2006
2007
2008
2009
2010
2011
2012
2013
2014
2015
2016
2017
2018
2019

# OK: vector ages
1	2	3	4	5	6	7	8	9	10	11	12	13	14	15	16	17	18	19	20	21	22	23	24

# OK: Survey biomass. Biomasa total estimada por geoestadistica
0
0
0
0
0
0
0
0
0
0
0
0
0
0
0
0
0
0
0
0
0
0
0
85080
74176
41481
64440
37378
27789
0
39316
39826
47715
32813
47363
44145
23371
39695
38640
44659
56729
115336
66172

# OK: abundaces index	 (trawl - longline - artisanal)
0	0	0
0	0	0
1957.62	0	0
1589.51	0	0
1197.82	0	0
1539.49	0	0
1093.34	0	0
966.46	0	0
931.17	0	0
900.13	0	0
970.8	0.428	0
823.32	0.464	0
675.27	0.41	0
568.47	0.339	0
648.36	0.254	0
630.41	0.306	0
400.44	0.245	0
513.43	0.282	0
518.28	0.31	0
646.35	0.311	0
749.15	0.352	0
0.365649435	1	0
0.405805192	0.98271802	0
0.573153639	0.959724478	0.503
0.610046769	0.946328751	1
0.806636885	0.865024365	0.973
0.808483921	0.780159422	0.814
0.763461249	0.634667881	0.709
0.712957898	0.566757013	0.521
0.724866855	0.577996387	0.452
0.762502674	0.552628448	0.415
0.908014042	0.609409097	0.557
0.94343892	0.548915075	0.522
0.89702377	0.562428884	0.319
1	0.595217426	0.314
0.880089499	0.644667005	0.279
0.997167445	0.519915651	0.262
0.773997163	0.663919952	0.292
0.979372432	0.757468375	0.282
0.795626804	0.583960596	0.221
0.552836919	0.459789883	0.233
0.533945843	0.369412109	0.221
0.469904038	0.381320154	0.231

# OK: Landing by fleet
2287	0	0
36942	0	0
44792	0	0
36320	0	0
38876	0	606
44873	0	535
31020	0	673
30203	0	2256
24893	0	7485
32967	0	10207
32377	2740	25171
28918	6080	36533
26659	8887	23162
18579	6861	27283
14103	8486	17024
17064	4600	16735
10783	2894	9475
13730	3066	8987
12687	4751	9447
11746	3795	9949
11683	3004	11360
10682	4959	11516
12522	4958	12606
12089	5809	14037
11300	6553	16740
12251	6583	14588
14051	6919	15856
15486	6375	16404
14709	5414	15764
16407	5363	15502
16377	4421	17386
16202	4565	17337
16118	4898	15259
16360	4503	12248
16314	2453	8250
17852	3752	6436
18344	2391	6464
11474	1496	4046
11529	1590	8322
17331	1327	7718
16044	952	    6838
21911	427	    6830
22186	171	    5857

# OK: catch at age trawl
0	0	0	0	0	0	0	0	0	0	0	0	0	0	0	0	0	0	0	0	0	0	0	0
0	0	0	0	0	0	0	0	0	0	0	0	0	0	0	0	0	0	0	0	0	0	0	0
0	0	0	0	0	0	0	0	0	0	0	0	0	0	0	0	0	0	0	0	0	0	0	0
0	0	0	0	0	0	0	0	0	0	0	0	0	0	0	0	0	0	0	0	0	0	0	0
207	287	1996	19348	48835	77458	121000	140000	153000	333000	457000	428000	441000	448000	457000	440000	434000	604000	544000	544000	437000	356000	325000	704000
245	0	3137	9670	21582	75736	142000	173000	266000	435000	535000	652000	1020000	841000	761000	731000	574000	454000	496000	308000	318000	213000	108000	195000
3881	4335	143000	188000	231000	106000	72107	85286	202000	312000	473000	591000	639000	687000	437000	422000	487000	485000	510000	388000	282000	254000	88894	248000
351	5628	33249	35488	43549	88746	105000	185000	235000	352000	465000	516000	679000	674000	610000	511000	384000	289000	205000	136000	79778	66977	34154	41250
352	123	11418	18675	25284	47739	106000	169000	256000	346000	469000	555000	578000	636000	531000	449000	350000	229000	169000	127000	100000	41043	31729	45159
0	14161	101000	425000	527000	314000	215000	294000	503000	650000	791000	910000	1190000	907000	1150000	888000	656000	600000	367000	259000	133000	101000	62521	67118
219	25711	284000	501000	734000	747000	539000	626000	526000	664000	670000	853000	884000	867000	745000	661000	459000	348000	249000	118000	88409	52102	33317	14620
0	2337	12316	57298	138000	281000	457000	603000	917000	976000	907000	1100000	1100000	842000	571000	321000	241000	146000	118000	69503	59443	41174	37564	26965
0	1498	12960	89987	101000	141000	237000	411000	673000	995000	1110000	828000	815000	748000	817000	433000	347000	289000	167000	103000	69566	36192	48087	25128
0	160	7967	35873	59340	84560	109000	312000	443000	722000	822000	809000	810000	667000	473000	374000	266000	176000	170000	81881	77308	49795	32155	24933
0	0	6101	59030	97915	145000	121000	153000	258000	329000	572000	669000	603000	687000	619000	561000	508000	326000	183000	81877	62101	50056	22794	20835
0	0	202	403	396	15751	22542	30080	54688	190000	494000	723000	1230000	1120000	1020000	796000	627000	564000	338000	137000	50018	21591	9164	3249
0	6188	4942	11369	77501	122000	149000	117000	209000	294000	405000	512000	523000	447000	526000	446000	264000	213000	136000	88790	56208	30660	15588	24757
0	0	36982	147000	85020	106000	243000	382000	594000	656000	761000	822000	697000	545000	383000	270000	245000	118000	103000	36049	29778	17644	7709	14490
0	0	8767	42052	89564	168000	216000	368000	589000	653000	772000	595000	493000	348000	204000	148000	101000	53001	23817	4586	5520	44	87	0
0	82	11595	66514	147000	209000	224000	268000	395000	470000	507000	667000	505000	405000	368000	212000	138000	81816	56975	34732	31019	13784	15382	9695
0	0	813	4033	56780	216000	261000	362000	307000	477000	582000	605000	531000	438000	290000	169000	122000	63448	38213	30824	12407	2252	3019	4979
0	0	9449	21737	60518	213000	290000	408000	526000	613000	674000	465000	467000	361000	248000	126000	85480	46991	27537	19021	3128	13048	999	2035
0	0	0	10502	35743	117000	169000	271000	423000	528000	752000	633000	699000	549000	400000	191000	95463	64778	49113	27167	11444	3207	4286	7395
0	924	1348	22740	33695	83140	90492	185000	270000	346000	500000	415000	561000	555000	535000	348000	276000	192000	106000	100000	37663	11079	16294	23429
0	0	1049	16015	32524	93109	106000	158000	285000	327000	430000	325000	345000	245000	216000	111000	59616	30204	26028	9845	2266	1467	55	20
0	200	7195	32450	49510	53928	89198	141000	278000	275000	447000	342000	367000	269000	219000	122000	74417	46571	28494	5910	5114	2255	1594	955
0	0	2203	35844	88396	207000	218000	221000	258000	305000	461000	430000	370000	303000	197000	95636	44492	16834	3808	3052	1529	2191	6010	256
0	2960	4417	9858	38089	80830	122000	165000	213000	199000	347000	311000	391000	331000	284000	205000	104000	68704	19354	9348	2803	6254	6275	522
9	2417	16555	23824	30317	47097	87442	165162	206056	299278	387863	432890	410547	274183	232035	122296	80822	26187	13318	8231	5000	1165	0	2801
0	2602	9037	30667	56981	60641	54228	71116	96955	155605	167540	209043	351715	361730	334517	234441	205799	125925	75250	44884	17746	10323	331	2037
0	0	11555	25467	83515	99057	78639	98435	107741	151487	234721	294365	365872	356128	326097	201478	141220	77306	52641	37533	20944	11136	5608	4216
0	4036	6316	27824	43966	72473	131001	192420	172878	208953	220586	266754	307319	300766	243307	205070	145231	102857	61222	36304	20624	10522	4740	1368
0	444	5484	20537	21430	55814	64484	101309	162909	202264	262745	301183	263663	298977	226878	245540	178893	108563	51440	33595	10368	6303	16014	827
0	36	804	6900	17082	40205	40377	76178	133708	188576	242824	351354	332509	325403	281037	239378	148558	119986	76985	41681	26083	21671	14740	5470
0	1410	12652	19930	22181	45137	74150	125654	219611	342041	477820	461966	319150	273880	196235	140334	89552	51482	30596	14239	16055	3941	2233	944
0	539	6471	25529	31216	34396	42369	88540	125639	202755	279722	349406	357550	388226	349185	261380	177886	116972	93208	41791	24741	11183	9420	8169
315	1006	4271	9096	16946	36343	32156	80386	116469	204476	261348	406832	379687	343057	285507	269686	202208	127906	74418	32698	22433	19698	3116	11304
0	0	737	7104	19164	19584	21697	45460	80189	116124	192515	217780	148147	140399	134288	131733	138375	116319	59541	32258	16896	11446	10334	7622
1770	2930	2849	13068	15632	11423	21751	55341	81475	126690	204472	247544	149841	177783	193111	167264	166353	133184	60704	34490	14710	8088	5162	3403
166	2506	9872	16670	16711	25536	17444	35653	58416	122804	250244	331853	269173	201297	170020	168718	144063	129503	127390	60891	34091	11751	7836	2722
0	389	2520	20266	58526	43532	32745	104958	84059	116972	256252	378074	288151	230054	200849	180273	181873	153221	183548	72387	34013	13268	9511	7054
0	201	2119	11849	31324	68340	95417	197331	196706	223434	418206	543697	415779	336944	336178	289424	233773	172432	181234	65507	35543	14033	11178	2825
0	5164	8254	25977	59381	104646	129680	243026	329382	353512	581180	581015	340892	321991	245255	167159	189557	134329	200511	95654	30911	16708	8112	38

# OK: catch at age longline
0	0	0	0	0	0	0	0	0	0	0	0	0	0	0	0	0	0	0	0	0	0	0	0
0	0	0	0	0	0	0	0	0	0	0	0	0	0	0	0	0	0	0	0	0	0	0	0
0	0	0	0	0	0	0	0	0	0	0	0	0	0	0	0	0	0	0	0	0	0	0	0
0	0	0	0	0	0	0	0	0	0	0	0	0	0	0	0	0	0	0	0	0	0	0	0
0	0	0	0	0	0	0	0	0	0	0	0	0	0	0	0	0	0	0	0	0	0	0	0
0	0	0	0	0	0	0	0	0	0	0	0	0	0	0	0	0	0	0	0	0	0	0	0
0	0	0	0	0	0	0	0	0	0	0	0	0	0	0	0	0	0	0	0	0	0	0	0
0	0	0	0	0	0	0	0	0	0	0	0	0	0	0	0	0	0	0	0	0	0	0	0
0	0	0	0	0	0	0	0	0	0	0	0	0	0	0	0	0	0	0	0	0	0	0	0
0	0	0	0	0	0	0	0	0	0	0	0	0	0	0	0	0	0	0	0	0	0	0	0
0	0	0	0	0	0	0	0	0	0	0	0	0	0	0	0	0	0	0	0	0	0	0	0
0	0	0	0	0	0	0	0	0	0	0	0	0	0	0	0	0	0	0	0	0	0	0	0
0	0	0	4356	10595	21819	43217	69914	121000	188000	218000	225000	209000	230000	259000	179000	154000	109000	70742	55889	41625	19141	29743	16736
0	0	41	947	3136	5173	10056	20236	47238	86373	112000	127000	188000	209000	170000	166000	140000	106000	91024	53497	52936	33998	21025	21814
0	0	179	5262	19495	29480	36854	51786	73411	121000	194000	247000	257000	310000	273000	211000	206000	139000	111000	70769	35620	38023	21469	22500
0	0	0	0	0	244	60	492	4182	28495	54291	88838	126000	141000	156000	133000	131000	116000	74819	38323	15798	15308	6526	5286
0	0	0	0	0	0	0	0	0	0	0	0	0	0	0	0	0	0	0	0	0	0	0	0
0	0	0	0	0	0	0	0	0	0	0	0	0	0	0	0	0	0	0	0	0	0	0	0
0	0	0	204	2593	7346	27634	37897	92824	97154	119000	152000	143000	125000	134000	93900	46533	34693	16376	6255	11572	409	0	0
0	0	15	754	4839	14130	34808	54152	83708	100000	116000	161000	127000	102000	79604	41863	38267	19794	8260	4772	2177	1379	843	659
0	0	0	1104	1846	8243	12765	15924	14695	29476	59517	78653	95420	91470	70862	57584	41359	29242	19499	6491	6510	83	1407	1913
0	0	274	2140	7915	11143	32075	76618	101000	129000	150000	128000	156000	167000	127000	77076	48247	28114	16297	5709	6457	3507	919	1623
0	0	0	192	959	2988	8571	41867	74228	112000	164000	158000	211000	193000	148000	72832	44963	23937	23678	13925	6741	2432	2297	3125
0	0	0	670	4252	19801	26901	63219	97121	107000	168000	139000	189000	186000	152000	107000	82214	69980	44035	32931	17014	8874	8053	9813
0	0	0	230	2671	17102	31308	79150	152000	190000	280000	209000	253000	197000	154000	80689	53178	16937	22530	6536	2237	161	93	22
0	0	8	514	2505	16670	45005	107000	166000	189000	290000	214000	243000	179000	137000	76316	44759	26877	16907	3967	2115	753	1000	633
0	0	105	1303	16957	85541	154000	253000	275000	341000	363000	263000	173000	119000	51541	29779	10657	5047	2059	762	821	451	1328	21
0	0	9	406	7969	49659	93163	154000	187000	173000	274000	207000	217000	159000	123000	68967	32549	21398	5649	3112	199	2762	1099	160
0	0	0	918	8242	14995	30551	71194	113971	153916	176936	245131	195059	140327	98683	57456	38645	20430	12320	7977	2191	370	0	4283
0	4	18	1461	8208	19786	24788	38052	50465	92947	93117	102843	197471	216231	201038	109139	84251	34764	26927	9578	3291	1368	397	401
0	0	40	126	1198	7187	14718	35733	55158	79241	122462	139370	167734	200487	164112	92063	52447	29096	15827	6319	3741	2277	1707	494
0	0	0	0	182	4767	40153	57982	81707	108971	150324	149417	172476	138416	99720	61473	43422	20863	11133	6801	3929	2402	413	277
0	0	0	1	220	5859	12286	29864	53434	77476	112096	143578	129094	163739	106838	74669	53332	23129	12771	4449	1603	683	594	63
0	0	0	0	484	4247	9483	26045	62678	122667	149582	208927	176187	145694	111652	66429	31157	15551	5308	2681	2256	1874	98	281
0	0	0	4	182	2014	7864	18108	41832	74854	104458	118292	97912	73617	45561	34694	18328	6442	4769	2021	1257	510	663	89
0	0	0	81	391	1708	8710	12082	22895	65318	102374	148199	146242	121125	116167	114768	65317	44245	24470	12832	6981	2437	2102	2025
0	0	0	2	121	409	543	5894	13274	30367	64248	99740	80115	96916	72133	69305	50774	24971	12910	3418	2182	1271	1309	1646
0	0	0	48	0	112	213	675	2634	10742	22102	27769	21119	21424	28015	21663	20390	10885	5910	4209	914	821	432	316
0	0	0	0	0	61	203	798	3026	15272	32580	51370	34511	35717	40448	45442	38267	33850	24532	7469	2626	732	885	339
0	0	0	0	126	835	689	4587	5887	22703	45116	67478	47308	35138	39351	43824	37693	36828	37849	13354	6772	3684	3641	2897
0	0	0	0	12	88	110	768	1630	5844	14104	25767	24557	21933	22026	20976	23653	18612	20772	8292	4004	1413	1043	1312
0	0	11	3	64	256	192	472	1013	3187	6726	10342	11652	10300	10293	10804	11755	8068	10169	3416	1049	626	212	130
0	0	0	1	27	101	246	681	1008	3290	7390	9530	9906	9313	9997	7898	8329	9131	8631	5218	1659	676	385	120

# OK: catch at age artisanal
0	0	0	0	0	0	0	0	0	0	0	0	0	0	0	0	0	0	0	0	0	0	0	0
0	0	0	0	0	0	0	0	0	0	0	0	0	0	0	0	0	0	0	0	0	0	0	0
0	0	0	0	0	0	0	0	0	0	0	0	0	0	0	0	0	0	0	0	0	0	0	0
0	0	0	0	0	0	0	0	0	0	0	0	0	0	0	0	0	0	0	0	0	0	0	0
0	0	0	0	0	0	0	0	0	0	0	0	0	0	0	0	0	0	0	0	0	0	0	0
0	0	0	0	0	0	0	0	0	0	0	0	0	0	0	0	0	0	0	0	0	0	0	0
0	0	0	0	0	0	0	0	0	0	0	0	0	0	0	0	0	0	0	0	0	0	0	0
0	0	0	0	0	0	0	0	0	0	0	0	0	0	0	0	0	0	0	0	0	0	0	0
0	0	0	0	0	0	0	0	0	0	0	0	0	0	0	0	0	0	0	0	0	0	0	0
0	0	0	0	0	0	0	0	0	0	0	0	0	0	0	0	0	0	0	0	0	0	0	0
0	0	0	5098	33733	122000	307000	502000	740000	783000	1020000	940000	969000	916000	646000	445000	270000	249000	95541	63622	41659	6039	18959	23081
0	0	0	7636	97239	367000	852000	1660000	1890000	1990000	1820000	1540000	1460000	973000	582000	341000	242000	121000	106000	74530	11655	11912	2346	25941
0	0	0	0	0	0	0	0	0	0	0	0	0	0	0	0	0	0	0	0	0	0	0	0
0	0	0	0	0	0	0	0	0	0	0	0	0	0	0	0	0	0	0	0	0	0	0	0
0	0	0	0	0	0	0	0	0	0	0	0	0	0	0	0	0	0	0	0	0	0	0	0
0	0	0	0	0	0	0	0	0	0	0	0	0	0	0	0	0	0	0	0	0	0	0	0
0	0	0	0	0	0	0	0	0	0	0	0	0	0	0	0	0	0	0	0	0	0	0	0
0	0	0	0	0	0	0	0	0	0	0	0	0	0	0	0	0	0	0	0	0	0	0	0
0	1777	65286	142000	262000	268000	434000	536000	484000	331000	292000	239000	204000	120000	124000	77915	34300	44516	17227	7491	4955	2241	1016	0
0	0	853	2420	15836	147000	320000	454000	552000	515000	422000	332000	160000	50638	69390	80690	79422	6474	10598	2522	2660	1167	527	627
475	0	1902	3413	29617	130000	213000	394000	390000	420000	441000	428000	305000	205000	133000	76428	48798	31843	30746	19696	6002	2723	3422	5219
0	0	0	0	0	0	0	0	0	0	0	0	0	0	0	0	0	0	0	0	0	0	0	0
0	1025	8186	44753	90929	171000	277000	282000	404000	414000	440000	495000	411000	313000	259000	150000	98700	56378	5699	12293	3632	3731	5764	0
0	0	9025	31867	154000	235000	404000	523000	537000	689000	581000	399000	365000	275000	237000	154000	94174	58145	41061	18042	4134	1203	903	903
0	1009	13597	64347	112000	293000	469000	728000	758000	767000	764000	627000	442000	313000	213000	160000	106000	49058	17295	8856	5311	6396	319	142
0	0	0	4925	51626	144000	268000	506000	631000	722000	821000	699000	627000	357000	286000	113000	92131	63328	12623	9514	3077	1350	2130	1381
0	670	587	26160	161000	343000	519000	702000	736000	820000	919000	629000	552000	345000	152000	83051	70886	12819	10120	4117	2598	3752	768	477
0	8103	31148	29817	161000	587000	745000	789000	830000	829000	828000	563000	480000	256000	115000	27453	50335	9634	5312	2937	641	612	0	0
0	1520	14050	99805	316955	448963	622331	727920	572050	654802	810666	558426	595544	342042	217021	89192	42016	21942	16777	7650	2375	2384	1264	1388
0	17	37928	50251	300201	591165	1247077	1158793	911663	843214	676078	516776	361965	163409	95132	76353	38589	19575	7043	1632	1961	1899	1123	1037
0	1542	57179	116694	317446	668128	832147	718105	705505	652921	426768	788046	607245	423328	289760	85381	70234	126764	31281	18749	14984	6983	3796	17813
0	0	26846	134452	365408	751802	923706	908222	848018	607890	668437	643470	433943	161915	78100	78305	83219	25538	19191	5246	772	5709	3177	10169
0	0	11415	55186	204767	456184	658471	842859	904151	741586	665893	515451	483354	78806	123352	30661	50528	15641	2601	1915	1403	1671	1771	6508
0	1288	7193	38860	103284	232740	370506	378995	468188	504118	538133	489930	390182	367472	205181	127362	46491	37450	27340	3396	37066	3260	2651	12207
0	1206	7567	51652	118139	200651	336570	416439	537210	545217	512026	347529	208790	142557	76143	82346	33181	18263	3659	10597	1035	5519	16327	3085
0	0	4944	27650	99508	156899	245044	304514	307560	399950	374975	215794	123162	122709	53790	47387	26096	16997	10034	943	163	51	202	500
0	220	5467	47058	74594	140263	147243	285923	330519	360694	427866	293168	151004	118758	67086	26497	17611	10978	4979	982	1024	447	2945	464
664	411	24050	86988	280665	480685	551470	586012	559618	397654	462643	536788	216049	89290	74374	41312	60401	18298	15280	16646	757	339	410	909
0	165	4157	20167	72276	121204	145212	415132	533619	523862	523879	379718	105260	81147	65313	65851	33694	18799	18069	7264	6913	177	212	0
0	932	3460	17809	69621	77161	103685	193214	265704	356552	459245	397008	231067	131072	107488	61436	51448	26991	35603	22380	6760	4706	31	315
0	358	1630	11546	55862	90746	106145	159978	164333	174588	279090	275450	218048	144928	172664	93615	72509	70441	26528	37950	9625	4785	2731	1575
0	0	1421	10203	45349	149196	181178	285790	306472	304541	372781	397130	190906	126190	61251	44771	45673	15471	15653	6166	2933	540	447	344
0	0	2188	14382	42508	106185	135056	220249	347808	253580	316670	358388	128615	104601	65511	49500	22047	27023	25795	7241	11782	129	1975	192

# abundance at survey (missing  year 2009 and 2014)
0	0	0	0	0	0	0	0	0	0	0	0	0	0	0	0	0	0	0	0	0	0	0	0
0	0	0	0	0	0	0	0	0	0	0	0	0	0	0	0	0	0	0	0	0	0	0	0
0	0	0	0	0	0	0	0	0	0	0	0	0	0	0	0	0	0	0	0	0	0	0	0
0	0	0	0	0	0	0	0	0	0	0	0	0	0	0	0	0	0	0	0	0	0	0	0
0	0	0	0	0	0	0	0	0	0	0	0	0	0	0	0	0	0	0	0	0	0	0	0
0	0	0	0	0	0	0	0	0	0	0	0	0	0	0	0	0	0	0	0	0	0	0	0
0	0	0	0	0	0	0	0	0	0	0	0	0	0	0	0	0	0	0	0	0	0	0	0
0	0	0	0	0	0	0	0	0	0	0	0	0	0	0	0	0	0	0	0	0	0	0	0
0	0	0	0	0	0	0	0	0	0	0	0	0	0	0	0	0	0	0	0	0	0	0	0
0	0	0	0	0	0	0	0	0	0	0	0	0	0	0	0	0	0	0	0	0	0	0	0
0	0	0	0	0	0	0	0	0	0	0	0	0	0	0	0	0	0	0	0	0	0	0	0
0	0	0	0	0	0	0	0	0	0	0	0	0	0	0	0	0	0	0	0	0	0	0	0
0	0	0	0	0	0	0	0	0	0	0	0	0	0	0	0	0	0	0	0	0	0	0	0
0	0	0	0	0	0	0	0	0	0	0	0	0	0	0	0	0	0	0	0	0	0	0	0
0	0	0	0	0	0	0	0	0	0	0	0	0	0	0	0	0	0	0	0	0	0	0	0
0	0	0	0	0	0	0	0	0	0	0	0	0	0	0	0	0	0	0	0	0	0	0	0
0	0	0	0	0	0	0	0	0	0	0	0	0	0	0	0	0	0	0	0	0	0	0	0
0	0	0	0	0	0	0	0	0	0	0	0	0	0	0	0	0	0	0	0	0	0	0	0
0	0	0	0	0	0	0	0	0	0	0	0	0	0	0	0	0	0	0	0	0	0	0	0
0	0	0	0	0	0	0	0	0	0	0	0	0	0	0	0	0	0	0	0	0	0	0	0
0	0	0	0	0	0	0	0	0	0	0	0	0	0	0	0	0	0	0	0	0	0	0	0
0	0	0	0	0	0	0	0	0	0	0	0	0	0	0	0	0	0	0	0	0	0	0	0
0	0	0	0	0	0	0	0	0	0	0	0	0	0	0	0	0	0	0	0	0	0	0	0
0	0	997	1387	7511	49412	109379	190479	494239	767722	1176098	1912195	2678608	2727665	2948674	2121416	1310460	887810	694727	563270	373103	422456	82458	219742
0	0	2	10	1067	10833	21611	152710	225592	483944	1132623	2015687	2403418	3584896	3459454	2016216	1552811	602557	342800	98736	80286	39929	21948	4874
0	1	190	615	5528	57770	88539	264466	505249	886826	1010214	1339693	1649100	1741703	1287212	769917	490609	270218	90031	63195	17822	23561	10279	2917
0	0	0	0	0	0	12479	143207	453998	1110861	2062339	2334924	2230851	2400093	1372141	1328449	822434	798201	485770	206548	604639	31003	0	0
0	0	0	251	6540	19599	80361	124866	184266	294753	523835	724513	1203410	1222874	1260232	732193	580967	356917	108372	96655	0	18732	36731	0
0	0	337	947	2507	10253	20922	111882	201164	530435	667414	808054	1166428	975908	869193	568842	272636	153436	18889	0	0	6629	2750	0
0	0	0	0	0	0	0	0	0	0	0	0	0	0	0	0	0	0	0	0	0	0	0	0
0	0	965	2806	2678	54434	60336	154459	259359	323612	494764	852797	1048892	1560203	1298913	1403912	1013370	478200	302193	127600	183683	0	0	48471
0	809	1730	5918	13578	38062	120046	226914	320050	677352	960041	1103393	1346049	1677533	1413487	838600	516594	453352	367441	156845	34208	13484	20716	171577
0	111	0	519	2124	3806	32055	100384	477535	1198452	1647402	2039744	1929422	2007040	1254572	842718	533544	429977	198195	146432	33193	21777	66037	48647
0	13	103	313	1201	3806	12605	30727	29860	120361	358841	522748	678261	1065502	1124247	1125039	818822	623855	256951	330822	341177	311137	102415	213323
0	10	227	277	432	7680	26375	93441	229298	472007	1110252	1525924	1324457	1798287	1814801	1532596	679610	559802	228469	173069	132191	125069	18777	20707
0	0	349	0	0	135	7025	19755	54614	295907	471226	714760	1153505	1358602	1756063	1681694	1307067	803755	692200	279135	199678	181892	57032	20849
0	315	1661	2922	2318	7006	27940	57091	106107	167054	290262	557371	393665	581297	768969	854306	748490	521161	225500	48692	73809	65886	44104	38258
0	3	20	86	374	1691	4027	23600	79391	221820	968427	1166060	886352	1100436	1168710	1397342	856416	723421	462332	156612	128478	45864	56607	14549
1	14	62	92	170	1312	6911	47278	189748	483603	1097342	1022625	787215	894527	976091	1111045	861260	531837	505944	382469	118354	109164	43727	50535
72	919	2609	4417	4159	7877	7324	12857	41693	143639	382834	515446	509023	844879	959033	1343711	1193131	979003	1416432	560445	248666	191855	74246	68429
0	93	173	3215	15428	18564	39496	38173	172441	294902	560012	858760	1059696	1306833	1338415	1389309	1461706	1401185	1091484	430164	367966	239902	79835	136411
0	60	1453	3909	8845	23447	39171	100809	146466	367710	933782	958086	1935072	2243585	2457468	2314830	3710259	2448131	3092811	615203	903356	565836	288732	286940
0	370	2682	7314	8563	42625	91931	310435	526238	964285	1652255	2194568	1159735	1705340	1566846	1501857	1131819	1047342	1410984	494253	252797	365783	32603	0

# OK: weigth at age poblacional
115.5	280.5	482.9	677.0	968.0	1269.3	1577.0	1876.4	2172.5	2514.4	2835.0	3172.9	3575.7	3894.7	4251.7	4730.0	5092.7	5410.9	5821.8	6427.3	6670.7	7042.6	7533.0	8193.4
115.5	280.5	482.9	677.0	968.0	1269.3	1577.0	1876.4	2172.5	2514.4	2835.0	3172.9	3575.7	3894.7	4251.7	4730.0	5092.7	5410.9	5821.8	6427.3	6670.7	7042.6	7533.0	8193.4
115.5	280.5	482.9	677.0	968.0	1269.3	1577.0	1876.4	2172.5	2514.4	2835.0	3172.9	3575.7	3894.7	4251.7	4730.0	5092.7	5410.9	5821.8	6427.3	6670.7	7042.6	7533.0	8193.4
115.5	280.5	482.9	677.0	968.0	1269.3	1577.0	1876.4	2172.5	2514.4	2835.0	3172.9	3575.7	3894.7	4251.7	4730.0	5092.7	5410.9	5821.8	6427.3	6670.7	7042.6	7533.0	8193.4
115.5	280.5	482.9	677.0	968.0	1269.3	1577.0	1876.4	2172.5	2514.4	2835.0	3172.9	3575.7	3894.7	4251.7	4730.0	5092.7	5410.9	5821.8	6427.3	6670.7	7042.6	7533.0	8193.4
115.5	280.5	482.9	677.0	968.0	1269.3	1577.0	1876.4	2172.5	2514.4	2835.0	3172.9	3575.7	3894.7	4251.7	4730.0	5092.7	5410.9	5821.8	6427.3	6670.7	7042.6	7533.0	8193.4
115.5	280.5	482.9	677.0	968.0	1269.3	1577.0	1876.4	2172.5	2514.4	2835.0	3172.9	3575.7	3894.7	4251.7	4730.0	5092.7	5410.9	5821.8	6427.3	6670.7	7042.6	7533.0	8193.4
115.5	280.5	482.9	677.0	968.0	1269.3	1577.0	1876.4	2172.5	2514.4	2835.0	3172.9	3575.7	3894.7	4251.7	4730.0	5092.7	5410.9	5821.8	6427.3	6670.7	7042.6	7533.0	8193.4
115.5	280.5	482.9	677.0	968.0	1269.3	1577.0	1876.4	2172.5	2514.4	2835.0	3172.9	3575.7	3894.7	4251.7	4730.0	5092.7	5410.9	5821.8	6427.3	6670.7	7042.6	7533.0	8193.4
115.5	280.5	482.9	677.0	968.0	1269.3	1577.0	1876.4	2172.5	2514.4	2835.0	3172.9	3575.7	3894.7	4251.7	4730.0	5092.7	5410.9	5821.8	6427.3	6670.7	7042.6	7533.0	8193.4
115.5	280.5	482.9	677.0	968.0	1269.3	1577.0	1876.4	2172.5	2514.4	2835.0	3172.9	3575.7	3894.7	4251.7	4730.0	5092.7	5410.9	5821.8	6427.3	6670.7	7042.6	7533.0	8193.4
115.5	280.5	482.9	677.0	968.0	1269.3	1577.0	1876.4	2172.5	2514.4	2835.0	3172.9	3575.7	3894.7	4251.7	4730.0	5092.7	5410.9	5821.8	6427.3	6670.7	7042.6	7533.0	8193.4
115.5	280.5	482.9	677.0	968.0	1269.3	1577.0	1876.4	2172.5	2514.4	2835.0	3172.9	3575.7	3894.7	4251.7	4730.0	5092.7	5410.9	5821.8	6427.3	6670.7	7042.6	7533.0	8193.4
115.5	280.5	482.9	677.0	968.0	1269.3	1577.0	1876.4	2172.5	2514.4	2835.0	3172.9	3575.7	3894.7	4251.7	4730.0	5092.7	5410.9	5821.8	6427.3	6670.7	7042.6	7533.0	8193.4
115.5	280.5	482.9	677.0	968.0	1269.3	1577.0	1876.4	2172.5	2514.4	2835.0	3172.9	3575.7	3894.7	4251.7	4730.0	5092.7	5410.9	5821.8	6427.3	6670.7	7042.6	7533.0	8193.4
115.5	280.5	482.9	677.0	968.0	1269.3	1577.0	1876.4	2172.5	2514.4	2835.0	3172.9	3575.7	3894.7	4251.7	4730.0	5092.7	5410.9	5821.8	6427.3	6670.7	7042.6	7533.0	8193.4
115.5	280.5	482.9	677.0	968.0	1269.3	1577.0	1876.4	2172.5	2514.4	2835.0	3172.9	3575.7	3894.7	4251.7	4730.0	5092.7	5410.9	5821.8	6427.3	6670.7	7042.6	7533.0	8193.4
115.5	280.5	482.9	677.0	968.0	1269.3	1577.0	1876.4	2172.5	2514.4	2835.0	3172.9	3575.7	3894.7	4251.7	4730.0	5092.7	5410.9	5821.8	6427.3	6670.7	7042.6	7533.0	8193.4
115.5	280.5	482.9	677.0	968.0	1269.3	1577.0	1876.4	2172.5	2514.4	2835.0	3172.9	3575.7	3894.7	4251.7	4730.0	5092.7	5410.9	5821.8	6427.3	6670.7	7042.6	7533.0	8193.4
115.5	280.5	482.9	677.0	968.0	1269.3	1577.0	1876.4	2172.5	2514.4	2835.0	3172.9	3575.7	3894.7	4251.7	4730.0	5092.7	5410.9	5821.8	6427.3	6670.7	7042.6	7533.0	8193.4
115.5	280.5	482.9	677.0	968.0	1269.3	1577.0	1876.4	2172.5	2514.4	2835.0	3172.9	3575.7	3894.7	4251.7	4730.0	5092.7	5410.9	5821.8	6427.3	6670.7	7042.6	7533.0	8193.4
115.5	280.5	482.9	677.0	968.0	1269.3	1577.0	1876.4	2172.5	2514.4	2835.0	3172.9	3575.7	3894.7	4251.7	4730.0	5092.7	5410.9	5821.8	6427.3	6670.7	7042.6	7533.0	8193.4
115.5	280.5	482.9	677.0	968.0	1269.3	1577.0	1876.4	2172.5	2514.4	2835.0	3172.9	3575.7	3894.7	4251.7	4730.0	5092.7	5410.9	5821.8	6427.3	6670.7	7042.6	7533.0	8193.4
115.5	280.5	482.9	677.0	968.0	1269.3	1577.0	1876.4	2172.5	2514.4	2835.0	3172.9	3575.7	3894.7	4251.7	4730.0	5092.7	5410.9	5821.8	6427.3	6670.7	7042.6	7533.0	8193.4
115.5	280.5	482.9	677.0	968.0	1269.3	1577.0	1876.4	2172.5	2514.4	2835.0	3172.9	3575.7	3894.7	4251.7	4730.0	5092.7	5410.9	5821.8	6427.3	6670.7	7042.6	7533.0	8193.4
115.5	280.5	482.9	677.0	968.0	1269.3	1577.0	1876.4	2172.5	2514.4	2835.0	3172.9	3575.7	3894.7	4251.7	4730.0	5092.7	5410.9	5821.8	6427.3	6670.7	7042.6	7533.0	8193.4
115.5	280.5	482.9	677.0	968.0	1269.3	1577.0	1876.4	2172.5	2514.4	2835.0	3172.9	3575.7	3894.7	4251.7	4730.0	5092.7	5410.9	5821.8	6427.3	6670.7	7042.6	7533.0	8193.4
115.5	280.5	482.9	677.0	968.0	1269.3	1577.0	1876.4	2172.5	2514.4	2835.0	3172.9	3575.7	3894.7	4251.7	4730.0	5092.7	5410.9	5821.8	6427.3	6670.7	7042.6	7533.0	8193.4
115.5	280.5	482.9	677.0	968.0	1269.3	1577.0	1876.4	2172.5	2514.4	2835.0	3172.9	3575.7	3894.7	4251.7	4730.0	5092.7	5410.9	5821.8	6427.3	6670.7	7042.6	7533.0	8193.4
115.5	280.5	482.9	677.0	968.0	1269.3	1577.0	1876.4	2172.5	2514.4	2835.0	3172.9	3575.7	3894.7	4251.7	4730.0	5092.7	5410.9	5821.8	6427.3	6670.7	7042.6	7533.0	8193.4
115.5	280.5	482.9	677.0	968.0	1269.3	1577.0	1876.4	2172.5	2514.4	2835.0	3172.9	3575.7	3894.7	4251.7	4730.0	5092.7	5410.9	5821.8	6427.3	6670.7	7042.6	7533.0	8193.4
115.5	280.5	482.9	677.0	968.0	1269.3	1577.0	1876.4	2172.5	2514.4	2835.0	3172.9	3575.7	3894.7	4251.7	4730.0	5092.7	5410.9	5821.8	6427.3	6670.7	7042.6	7533.0	8193.4
115.5	280.5	482.9	677.0	968.0	1269.3	1577.0	1876.4	2172.5	2514.4	2835.0	3172.9	3575.7	3894.7	4251.7	4730.0	5092.7	5410.9	5821.8	6427.3	6670.7	7042.6	7533.0	8193.4
115.5	280.5	482.9	677.0	968.0	1269.3	1577.0	1876.4	2172.5	2514.4	2835.0	3172.9	3575.7	3894.7	4251.7	4730.0	5092.7	5410.9	5821.8	6427.3	6670.7	7042.6	7533.0	8193.4
115.5	280.5	482.9	677.0	968.0	1269.3	1577.0	1876.4	2172.5	2514.4	2835.0	3172.9	3575.7	3894.7	4251.7	4730.0	5092.7	5410.9	5821.8	6427.3	6670.7	7042.6	7533.0	8193.4
115.5	280.5	482.9	677.0	968.0	1269.3	1577.0	1876.4	2172.5	2514.4	2835.0	3172.9	3575.7	3894.7	4251.7	4730.0	5092.7	5410.9	5821.8	6427.3	6670.7	7042.6	7533.0	8193.4
115.5	280.5	482.9	677.0	968.0	1269.3	1577.0	1876.4	2172.5	2514.4	2835.0	3172.9	3575.7	3894.7	4251.7	4730.0	5092.7	5410.9	5821.8	6427.3	6670.7	7042.6	7533.0	8193.4
115.5	280.5	482.9	677.0	968.0	1269.3	1577.0	1876.4	2172.5	2514.4	2835.0	3172.9	3575.7	3894.7	4251.7	4730.0	5092.7	5410.9	5821.8	6427.3	6670.7	7042.6	7533.0	8193.4
115.5	280.5	482.9	677.0	968.0	1269.3	1577.0	1876.4	2172.5	2514.4	2835.0	3172.9	3575.7	3894.7	4251.7	4730.0	5092.7	5410.9	5821.8	6427.3	6670.7	7042.6	7533.0	8193.4
115.5	280.5	482.9	677.0	968.0	1269.3	1577.0	1876.4	2172.5	2514.4	2835.0	3172.9	3575.7	3894.7	4251.7	4730.0	5092.7	5410.9	5821.8	6427.3	6670.7	7042.6	7533.0	8193.4
115.5	280.5	482.9	677.0	968.0	1269.3	1577.0	1876.4	2172.5	2514.4	2835.0	3172.9	3575.7	3894.7	4251.7	4730.0	5092.7	5410.9	5821.8	6427.3	6670.7	7042.6	7533.0	8193.4
115.5	280.5	482.9	677.0	968.0	1269.3	1577.0	1876.4	2172.5	2514.4	2835.0	3172.9	3575.7	3894.7	4251.7	4730.0	5092.7	5410.9	5821.8	6427.3	6670.7	7042.6	7533.0	8193.4
115.5	280.5	482.9	677.0	968.0	1269.3	1577.0	1876.4	2172.5	2514.4	2835.0	3172.9	3575.7	3894.7	4251.7	4730.0	5092.7	5410.9	5821.8	6427.3	6670.7	7042.6	7533.0	8193.4

# OK: weigth at age arrastre
52.7	165.2	284.5	505.4	830.9	932.8	1229.7	1530.7	1787.9	2327.1	2977.0	3225.4	3759.4	4151.2	4958.9	5433.9	5853.5	6020.5	6538.2	7083.2	7309.9	7215.6	7669.8	8262.0
52.7	165.2	284.5	505.4	830.9	932.8	1229.7	1530.7	1787.9	2327.1	2977.0	3225.4	3759.4	4151.2	4958.9	5433.9	5853.5	6020.5	6538.2	7083.2	7309.9	7215.6	7669.8	8262.0
52.7	165.2	284.5	505.4	830.9	932.8	1229.7	1530.7	1787.9	2327.1	2977.0	3225.4	3759.4	4151.2	4958.9	5433.9	5853.5	6020.5	6538.2	7083.2	7309.9	7215.6	7669.8	8262.0
52.7	165.2	284.5	505.4	830.9	932.8	1229.7	1530.7	1787.9	2327.1	2977.0	3225.4	3759.4	4151.2	4958.9	5433.9	5853.5	6020.5	6538.2	7083.2	7309.9	7215.6	7669.8	8262.0
52.7	165.2	284.5	505.4	830.9	932.8	1229.7	1530.7	1787.9	2327.1	2977.0	3225.4	3759.4	4151.2	4958.9	5433.9	5853.5	6020.5	6538.2	7083.2	7309.9	7215.6	7669.8	8262.0
52.7	165.2	284.5	505.4	830.9	932.8	1229.7	1530.7	1787.9	2327.1	2977.0	3225.4	3759.4	4151.2	4958.9	5433.9	5853.5	6020.5	6538.2	7083.2	7309.9	7215.6	7669.8	8262.0
155.2	258.8	494.5	603.8	727.8	1015.9	1412.3	1735.6	2005.1	2179.4	2438.4	2703.1	2998.3	3405.8	3934.4	4337.6	4967.3	5176.5	5390.3	5844.9	5930.9	6248.9	6249.1	7050.1
42.2	233.5	318.3	649.4	975.7	1261.7	1551.1	1854.3	2146.8	2424.7	2839.9	3377.4	3815.5	4342.6	4908.0	5277.5	5854.8	6185.1	6500.5	7001.1	7005.8	6792.3	7298.6	8009.3
36.0	190.7	449.0	566.3	1032.8	1477.9	1824.2	2059.4	2348.9	2642.1	2946.5	3376.4	3671.7	3924.0	4562.9	4770.7	5094.2	5452.4	5748.6	6255.4	6413.2	6957.7	6521.6	6675.1
84.2	203.8	470.3	586.2	683.0	903.8	1402.7	1781.5	2103.1	2388.8	2648.1	3008.0	3384.9	3780.5	4268.3	4645.4	4968.7	5378.1	5799.2	5801.4	5991.7	6463.3	6114.5	6746.5
40.6	276.3	391.7	519.6	677.7	907.0	1288.3	1763.9	2177.3	2410.8	2740.4	3031.1	3471.0	3882.6	4302.5	4845.6	5160.3	5520.9	6215.3	6962.5	7597.3	7496.7	7794.1	8387.9
73.3	176.2	339.5	609.8	824.9	1095.5	1413.8	1816.0	2059.0	2269.8	2653.5	3081.2	3455.1	3968.6	4418.7	4989.8	5236.7	5589.8	5884.6	6413.2	6937.0	6686.0	6846.6	6526.8
58.6	129.5	314.6	440.9	730.6	1015.1	1354.6	1669.3	1934.2	2261.2	2610.4	2970.1	3296.8	3707.9	4119.4	4534.4	4884.5	5194.6	5380.4	6084.5	5566.6	5440.8	6434.9	6603.6
51.0	67.6	443.6	561.7	717.3	938.3	1270.5	1579.2	1915.3	2193.0	2398.4	2716.7	3150.4	3490.5	3877.4	4238.1	4556.9	4956.0	5151.4	5622.6	5875.8	6101.6	6353.0	6882.3
92.9	233.7	498.4	652.5	748.9	946.4	1071.3	1348.3	1680.9	1863.0	2094.2	2339.4	2696.4	3115.2	3471.3	3735.4	3985.2	4394.0	4804.8	5440.0	5664.3	6075.9	6240.0	6682.9
88.7	226.7	427.3	578.2	832.8	1216.4	1223.3	1318.9	1606.2	1884.4	2011.2	2294.9	2608.4	2972.0	3350.2	3861.5	4162.9	4421.3	4818.3	5142.5	5555.8	6353.9	6617.2	7684.2
111.0	387.6	389.3	534.4	898.7	1086.1	1208.1	1327.2	1599.4	1814.8	2047.9	2386.7	2708.1	2997.6	3355.5	3767.7	4034.4	4503.3	4970.5	5017.6	5480.9	5975.6	6474.7	5773.8
116.0	276.1	363.3	492.9	858.4	1186.9	1519.8	1764.5	2036.4	2377.1	2575.1	2807.7	3133.8	3369.6	3912.3	4069.7	4376.3	4728.6	4661.5	4883.7	5384.4	4934.3	4085.6	4306.5
89.8	250.3	388.3	599.2	998.4	1528.5	1805.0	2242.1	2386.3	2863.4	3118.5	3581.0	4007.1	4118.2	4966.8	5449.0	6226.4	6059.4	5997.6	7133.8	6453.6	9491.8	10721.0	9870.4
145.0	343.0	441.1	643.7	1022.9	1368.9	1853.7	2272.9	2591.0	2789.6	3096.5	3390.3	3655.3	3797.8	4060.2	4693.5	5213.8	5411.4	5362.5	5737.6	5704.4	5958.6	5868.4	5668.2
132.2	321.7	300.4	936.3	1185.9	1429.4	1786.3	2112.9	2503.1	2735.0	3001.9	3366.6	3740.1	4004.7	4323.0	4981.7	5464.6	5750.5	5978.4	5141.1	5854.5	6325.5	7120.3	6182.2
111.4	280.7	340.4	691.2	996.3	1239.9	1633.3	1977.4	2376.8	2660.2	2973.8	3225.0	3745.4	3938.0	4383.8	4875.6	5090.5	5515.3	5518.7	4888.9	7047.7	5025.0	8446.1	5602.5
116.2	292.7	502.4	788.7	885.3	1244.2	1466.6	1912.5	2347.6	2705.8	2968.4	3179.3	3566.1	3844.8	4084.4	4561.9	5318.3	5565.6	5435.3	5921.8	6195.1	6955.3	7919.7	9031.3
119.0	361.9	330.6	487.3	795.7	1195.6	1674.2	2033.5	2314.0	2761.6	3108.8	3309.7	3771.2	4000.4	4142.4	4429.5	4527.5	4753.5	4929.9	4894.6	5283.6	5774.9	5431.6	5443.1
69.8	205.4	393.7	500.4	800.5	1187.9	1541.7	2023.9	2434.3	2726.0	3084.7	3332.8	3948.9	4052.8	4420.0	5078.6	5900.2	5972.0	5812.9	6049.0	7449.6	9267.8	9774.9	11481.4
60.7	137.8	375.3	482.3	657.2	1135.0	1668.7	2166.0	2542.5	2853.6	3285.0	3593.5	3974.8	4345.7	4799.0	5299.7	5701.0	5907.8	5921.5	7044.7	7827.9	8538.7	6739.5	8200.4
110.6	290.2	506.5	653.7	1004.2	1278.7	1689.8	2273.2	2675.3	3075.1	3285.1	3704.2	4116.2	4367.6	4873.5	5147.1	5644.0	5717.2	5790.1	6124.7	6786.6	8354.2	7576.3	12377.1
133.5	406.5	379.5	565.8	903.0	1480.1	1836.4	2315.1	2757.4	3052.2	3392.0	3747.5	4073.6	4462.1	4807.9	5097.4	5384.0	5559.7	6021.0	6033.1	6773.9	6322.0	6463.0	5901.8
66.2	288.8	376.4	589.4	990.3	1444.1	1881.9	2252.3	2434.3	2625.8	3030.4	3439.3	3927.7	4433.7	4782.8	5383.9	5168.3	5328.8	5986.2	6368.9	6664.4	4950.4	8158.0	6955.1
140.5	580.8	524.5	588.8	769.5	1228.1	1508.5	1860.8	2365.7	2529.8	3006.7	3251.1	3699.4	3852.8	4185.7	4857.5	5226.7	5734.8	6003.9	6143.1	6461.5	7440.5	8319.8	7248.0
78.1	217.3	458.6	525.9	680.6	1006.2	1324.9	1856.8	1999.2	2492.1	2850.0	3297.5	3708.7	4103.1	4428.9	5110.3	5483.8	6150.1	6632.8	6550.0	6699.6	6456.0	6629.9	7523.0
78.2	274.6	350.7	510.7	705.6	1058.7	1507.0	1776.3	2144.8	2505.9	2981.7	3269.3	3717.8	4115.3	4576.7	5170.8	5649.4	6145.6	6217.2	6554.8	6491.8	7332.3	7407.4	8394.7
90.0	286.1	508.6	493.2	809.4	1201.0	1466.4	1883.5	2225.3	2498.3	2860.5	3231.7	3614.4	4024.0	4479.5	5040.5	5587.8	6293.4	6688.2	7241.1	7259.5	7259.0	9520.4	7880.8
52.0	179.8	308.1	408.3	693.4	981.5	1338.4	1502.5	1832.4	2147.4	2560.5	2930.6	3363.5	3741.7	4314.7	4874.0	5276.7	5892.9	6430.6	6873.6	7050.1	7814.4	8347.3	9118.1
57.0	202.8	250.9	477.1	721.0	1051.5	1421.6	1785.1	2161.2	2587.3	2978.5	3411.7	3810.0	4195.7	4730.7	4926.3	5581.2	6332.8	6750.1	7392.7	7905.9	8583.0	7979.1	7570.6
50.4	145.3	255.4	465.1	604.8	1044.0	1406.6	1712.9	2107.5	2414.1	2738.4	3072.2	3417.6	3859.9	4192.4	4549.2	5197.7	5634.1	5824.7	6273.0	6609.0	8084.6	7234.1	8086.9
103.4	189.2	307.1	385.3	790.7	1196.5	1479.6	1763.5	1925.2	2562.0	2869.7	3333.1	3656.9	4029.8	4378.4	4813.9	5295.7	5700.4	6191.2	6639.8	7225.1	7317.4	8033.3	8281.8
193.0	333.1	308.2	399.3	647.0	1035.2	1410.9	1646.8	1962.4	2468.5	2777.0	3096.2	3508.6	3868.1	4175.1	4552.2	5037.6	5598.9	6020.1	6535.2	6690.4	8022.2	6811.7	8758.3
151.1	253.7	340.3	425.0	601.9	1108.2	1461.5	1728.7	2120.6	2492.4	2815.9	3078.1	3469.6	3858.7	4214.6	4672.5	4939.6	5437.9	5817.9	6312.7	6650.6	7033.6	7620.7	7246.5
243.0	368.4	469.9	559.7	845.2	1204.5	1481.0	1739.4	1963.0	2507.5	2793.5	3063.1	3516.9	3840.9	4049.4	4403.4	4804.0	5118.2	5593.7	5771.7	6303.0	6804.5	7470.1	7767.7
61.2	162.8	321.3	447.5	770.4	1070.2	1323.0	1560.0	1963.5	2486.4	2840.6	3155.5	3629.9	3961.8	4150.5	4507.4	4832.3	5274.4	5698.9	6198.3	6691.1	6653.8	7183.9	7703.3
98.4	243.4	540.4	583.3	838.9	1215.2	1534.1	1641.7	1908.1	2490.1	2765.9	3118.7	3520.4	3827.0	4032.0	4303.9	4731.0	5052.1	5546.8	6049.7	6287.0	7373.0	6801.4	9149.7
75.6	237.4	399.0	470.7	866.8	1092.6	1411.9	1623.0	1905.6	2400.1	2743.1	3076.9	3515.0	3848.0	4059.9	4429.8	4843.8	5088.0	5530.8	6065.8	6848.4	6774.3	7703.8	12761.3

# OK: weigth at age palangre
84.1	228.0	408.6	557.2	870.1	1038.1	1368.4	1695.9	2008.3	2319.1	2660.4	3172.8	3490.2	4085.4	4488.2	5119.7	5587.5	5662.3	5686.9	6526.8	6187.5	6334.2	6915.8	7146.8
84.1	228.0	408.6	557.2	870.1	1038.1	1368.4	1695.9	2008.3	2319.1	2660.4	3172.8	3490.2	4085.4	4488.2	5119.7	5587.5	5662.3	5686.9	6526.8	6187.5	6334.2	6915.8	7146.8
84.1	228.0	408.6	557.2	870.1	1038.1	1368.4	1695.9	2008.3	2319.1	2660.4	3172.8	3490.2	4085.4	4488.2	5119.7	5587.5	5662.3	5686.9	6526.8	6187.5	6334.2	6915.8	7146.8
84.1	228.0	408.6	557.2	870.1	1038.1	1368.4	1695.9	2008.3	2319.1	2660.4	3172.8	3490.2	4085.4	4488.2	5119.7	5587.5	5662.3	5686.9	6526.8	6187.5	6334.2	6915.8	7146.8
84.1	228.0	408.6	557.2	870.1	1038.1	1368.4	1695.9	2008.3	2319.1	2660.4	3172.8	3490.2	4085.4	4488.2	5119.7	5587.5	5662.3	5686.9	6526.8	6187.5	6334.2	6915.8	7146.8
84.1	228.0	408.6	557.2	870.1	1038.1	1368.4	1695.9	2008.3	2319.1	2660.4	3172.8	3490.2	4085.4	4488.2	5119.7	5587.5	5662.3	5686.9	6526.8	6187.5	6334.2	6915.8	7146.8
84.1	228.0	408.6	557.2	870.1	1038.1	1368.4	1695.9	2008.3	2319.1	2660.4	3172.8	3490.2	4085.4	4488.2	5119.7	5587.5	5662.3	5686.9	6526.8	6187.5	6334.2	6915.8	7146.8
84.1	228.0	408.6	557.2	870.1	1038.1	1368.4	1695.9	2008.3	2319.1	2660.4	3172.8	3490.2	4085.4	4488.2	5119.7	5587.5	5662.3	5686.9	6526.8	6187.5	6334.2	6915.8	7146.8
84.1	228.0	408.6	557.2	870.1	1038.1	1368.4	1695.9	2008.3	2319.1	2660.4	3172.8	3490.2	4085.4	4488.2	5119.7	5587.5	5662.3	5686.9	6526.8	6187.5	6334.2	6915.8	7146.8
84.1	228.0	408.6	557.2	870.1	1038.1	1368.4	1695.9	2008.3	2319.1	2660.4	3172.8	3490.2	4085.4	4488.2	5119.7	5587.5	5662.3	5686.9	6526.8	6187.5	6334.2	6915.8	7146.8
84.1	228.0	408.6	557.2	870.1	1038.1	1368.4	1695.9	2008.3	2319.1	2660.4	3172.8	3490.2	4085.4	4488.2	5119.7	5587.5	5662.3	5686.9	6526.8	6187.5	6334.2	6915.8	7146.8
84.1	228.0	408.6	557.2	870.1	1038.1	1368.4	1695.9	2008.3	2319.1	2660.4	3172.8	3490.2	4085.4	4488.2	5119.7	5587.5	5662.3	5686.9	6526.8	6187.5	6334.2	6915.8	7146.8
84.1	228.0	408.6	557.2	870.1	1038.1	1368.4	1695.9	2008.3	2319.1	2660.4	3172.8	3490.2	4085.4	4488.2	5119.7	5587.5	5662.3	5686.9	6526.8	6187.5	6334.2	6915.8	7146.8
111.9	279.1	600.4	782.7	822.2	939.2	1254.2	1639.9	2046.3	2347.2	2569.7	2924.2	3390.2	3775.6	4163.4	4527.8	4797.5	5209.0	5429.3	5975.8	6330.5	6590.5	6763.0	7575.9
95.7	241.6	539.9	725.4	761.7	1038.2	1080.9	1281.1	1640.4	1860.2	2097.4	2393.0	2819.4	3290.3	3655.3	3990.8	4273.3	4589.0	5025.9	5463.9	5755.9	6445.3	6736.7	7638.7
107.9	272.2	467.6	686.5	924.7	1677.8	1469.5	1847.9	1923.1	2031.2	2200.6	2500.9	2853.3	3228.1	3743.8	4400.2	4755.6	5172.4	5658.2	6215.0	6843.3	7839.5	7323.3	8095.0
107.9	272.2	467.6	686.5	924.7	1677.8	1469.5	1847.9	1923.1	2031.2	2200.6	2500.9	2853.3	3228.1	3743.8	4400.2	4755.6	5172.4	5658.2	6215.0	6843.3	7839.5	7323.3	8095.0
213.9	477.0	762.6	807.4	1779.9	1951.8	2140.6	2439.8	2642.4	2929.3	3265.2	3741.6	4002.6	4257.4	4904.3	5255.5	5619.5	5970.2	5822.5	7012.4	6796.7	9491.8	8051.3	8457.7
213.9	477.0	762.6	807.4	1779.9	1951.8	2140.6	2439.8	2642.4	2929.3	3265.2	3741.6	4002.6	4257.4	4904.3	5255.5	5619.5	5970.2	5822.5	7012.4	6796.7	9491.8	8051.3	8457.7
163.7	381.9	573.8	598.4	1262.7	1609.9	2117.0	2458.4	2677.5	2943.1	3214.1	3648.6	3832.8	3995.7	4274.2	5005.3	5534.9	5729.7	6011.3	6121.0	6224.1	6644.1	6425.4	7721.3
126.4	322.5	557.8	611.7	1139.3	1472.0	1832.0	2188.0	2626.6	3084.6	3564.4	3893.0	4223.1	4560.2	4909.9	5707.2	6091.2	6477.5	7252.3	7666.5	7763.7	6216.8	8136.8	8040.2
105.8	274.7	444.2	570.6	886.2	1269.9	1670.3	1980.9	2468.3	2830.1	3104.4	3506.7	3923.3	4266.5	4576.1	5259.2	5600.7	6161.2	5987.1	6387.3	6516.6	6621.0	7796.4	5829.0
130.9	320.0	539.7	584.6	983.5	1369.2	1812.8	2144.9	2468.3	2836.3	3113.7	3358.6	3768.1	3960.5	4235.7	4669.9	5170.7	5716.0	5644.7	5789.9	5889.9	6729.0	6809.7	7856.9
203.4	433.7	675.4	931.0	1037.7	1284.3	1674.1	1958.4	2283.5	2660.4	3051.6	3274.0	3734.8	3952.3	4170.0	4599.3	4857.6	4953.4	5188.1	5209.5	5320.7	5512.4	5714.6	5408.7
98.8	267.0	477.5	602.3	987.9	1398.1	1766.8	2219.5	2521.3	2838.4	3175.8	3358.6	3956.7	4148.3	4443.2	5089.5	5654.2	5985.1	5861.3	5656.0	6763.4	8724.9	9971.7	12814.0
165.2	385.0	670.6	694.9	1130.7	1569.9	1889.0	2201.7	2550.2	2794.5	3204.8	3464.7	3883.8	4196.3	4673.3	5146.1	5498.4	5741.4	5880.1	6607.0	6547.8	6586.2	6804.0	7675.3
177.1	405.1	585.5	995.6	1332.7	1615.9	1960.0	2213.6	2438.9	2602.7	2873.1	3232.6	3596.0	3859.2	4266.6	4483.6	5431.8	5273.1	6057.7	6285.8	6379.6	6652.4	7562.1	10620.5
232.7	492.3	654.0	998.1	1376.6	1740.5	1983.8	2396.2	2701.8	2946.0	3165.1	3333.4	3652.8	3950.4	4261.6	4579.4	4872.3	5286.3	5652.7	5613.8	8208.2	6340.7	6511.1	5970.4
306.6	609.5	911.0	1367.1	1334.5	1719.1	2040.7	2358.0	2659.3	2845.4	3213.7	3855.5	4182.2	4671.4	4795.9	4990.5	5204.6	5382.9	6158.1	6420.8	5622.2	5087.7	6859.9	7442.4
119.0	541.5	532.9	609.0	953.6	1437.9	1614.3	1942.3	2265.2	2423.0	2834.1	2993.6	3438.8	3687.0	3998.0	4557.8	4831.1	5496.7	5384.4	5556.7	6944.3	7500.1	7690.5	7450.1
225.2	476.0	924.0	832.6	1201.3	1565.0	1846.4	2169.2	2281.4	2713.7	2869.4	3179.6	3500.7	3844.4	4196.5	4620.5	4890.8	5464.8	5688.3	5905.2	6755.8	6865.4	5579.0	6632.0
335.4	646.0	947.9	1244.3	1451.0	1862.5	2388.2	2500.1	2570.2	2815.8	3147.6	3325.4	3747.0	4045.6	4446.8	4714.0	5040.7	5352.2	5521.2	5671.3	5585.5	5375.0	6785.7	7649.9
164.2	380.8	622.8	903.1	1208.0	1506.9	1698.0	2077.0	2329.7	2629.3	2974.5	3311.1	3585.6	3897.4	4220.7	4548.5	5066.7	5311.2	5716.5	6421.6	6458.0	6321.1	7242.1	10361.4
137.8	330.3	550.7	791.5	1042.3	1374.2	1661.5	1852.8	2118.0	2401.6	2724.3	3076.1	3526.6	3814.8	4293.1	4673.3	5093.5	5481.8	5824.8	6796.2	6606.4	5709.2	6982.4	7573.9
189.8	426.7	685.5	1055.7	1139.6	1485.3	1827.8	2110.8	2477.0	2813.7	3132.3	3632.8	3949.0	4334.3	4596.3	4757.3	5235.3	5421.5	5914.6	5948.3	6832.2	6462.8	5954.2	10383.2
243.9	509.7	784.4	1090.2	1395.8	2302.8	1908.7	1983.1	2255.0	2465.0	2807.9	3116.5	3530.9	4025.9	4233.3	4450.2	4982.8	5221.6	5678.8	5842.4	6309.7	7607.6	6667.5	8365.8
159.8	367.0	596.9	724.4	1237.0	1523.7	1529.6	1887.0	2196.6	2709.2	2826.3	3163.0	3473.9	3837.5	4186.4	4344.1	4579.9	5068.4	5459.8	6381.1	6649.6	7176.3	6001.3	6479.8
113.1	285.3	493.2	719.9	969.7	1119.9	1380.1	1648.9	2200.5	2764.8	3032.3	3278.6	3769.0	4064.7	4360.5	4697.7	4971.1	5411.7	5721.5	6048.9	6961.8	7029.6	6473.9	7064.7
125.1	310.7	529.1	771.8	1034.5	1270.0	1565.7	1811.3	2370.9	2762.7	3099.2	3314.3	3678.4	4051.7	4350.9	4639.7	5025.7	5334.8	5785.9	6042.2	6992.8	7153.0	7310.7	8971.3
169.3	383.0	617.5	866.6	1297.9	1483.0	1441.9	1993.7	2075.4	2552.5	2801.2	3030.5	3460.7	3809.5	4064.9	4307.0	4773.8	5042.6	5498.1	5779.3	5914.8	6567.5	7167.3	7649.2
232.7	489.6	756.6	1030.2	1422.8	1753.1	1931.9	1922.8	2196.6	2656.8	2981.2	3267.0	3730.6	3969.0	4228.2	4581.1	4775.9	5151.4	5312.0	5803.4	6359.0	6698.0	6820.8	7345.8
183.0	405.2	760.3	839.4	873.8	1510.7	1802.4	1974.9	2039.0	2783.6	2951.6	3313.2	3631.7	3898.8	4127.0	4382.1	4707.9	5041.1	5489.3	5591.5	6103.6	6849.5	6543.4	6099.7
408.1	759.5	1092.4	1612.4	1310.2	1660.3	1846.1	2131.1	2186.5	2764.6	3057.6	3309.7	3709.1	4043.5	4251.6	4477.2	4766.4	5073.7	5452.2	5827.6	6465.8	6775.9	6998.1	7756.3

# OK: weigth at age artesanal
135.7	258.5	657.5	843.1	1107.6	1376.6	1824.6	2105.7	2446.7	2806.3	3119.9	3483.8	4065.6	4138.9	4259.5	4817.3	4990.0	5235.2	5771.0	6914.8	6787.7	6719.4	8473.6	8319.4
135.7	258.5	657.5	843.1	1107.6	1376.6	1824.6	2105.7	2446.7	2806.3	3119.9	3483.8	4065.6	4138.9	4259.5	4817.3	4990.0	5235.2	5771.0	6914.8	6787.7	6719.4	8473.6	8319.4
135.7	258.5	657.5	843.1	1107.6	1376.6	1824.6	2105.7	2446.7	2806.3	3119.9	3483.8	4065.6	4138.9	4259.5	4817.3	4990.0	5235.2	5771.0	6914.8	6787.7	6719.4	8473.6	8319.4
135.7	258.5	657.5	843.1	1107.6	1376.6	1824.6	2105.7	2446.7	2806.3	3119.9	3483.8	4065.6	4138.9	4259.5	4817.3	4990.0	5235.2	5771.0	6914.8	6787.7	6719.4	8473.6	8319.4
135.7	258.5	657.5	843.1	1107.6	1376.6	1824.6	2105.7	2446.7	2806.3	3119.9	3483.8	4065.6	4138.9	4259.5	4817.3	4990.0	5235.2	5771.0	6914.8	6787.7	6719.4	8473.6	8319.4
135.7	258.5	657.5	843.1	1107.6	1376.6	1824.6	2105.7	2446.7	2806.3	3119.9	3483.8	4065.6	4138.9	4259.5	4817.3	4990.0	5235.2	5771.0	6914.8	6787.7	6719.4	8473.6	8319.4
135.7	258.5	657.5	843.1	1107.6	1376.6	1824.6	2105.7	2446.7	2806.3	3119.9	3483.8	4065.6	4138.9	4259.5	4817.3	4990.0	5235.2	5771.0	6914.8	6787.7	6719.4	8473.6	8319.4
135.7	258.5	657.5	843.1	1107.6	1376.6	1824.6	2105.7	2446.7	2806.3	3119.9	3483.8	4065.6	4138.9	4259.5	4817.3	4990.0	5235.2	5771.0	6914.8	6787.7	6719.4	8473.6	8319.4
135.7	258.5	657.5	843.1	1107.6	1376.6	1824.6	2105.7	2446.7	2806.3	3119.9	3483.8	4065.6	4138.9	4259.5	4817.3	4990.0	5235.2	5771.0	6914.8	6787.7	6719.4	8473.6	8319.4
135.7	258.5	657.5	843.1	1107.6	1376.6	1824.6	2105.7	2446.7	2806.3	3119.9	3483.8	4065.6	4138.9	4259.5	4817.3	4990.0	5235.2	5771.0	6914.8	6787.7	6719.4	8473.6	8319.4
135.7	258.5	657.5	843.1	1107.6	1376.6	1824.6	2105.7	2446.7	2806.3	3119.9	3483.8	4065.6	4138.9	4259.5	4817.3	4990.0	5235.2	5771.0	6914.8	6787.7	6719.4	8473.6	8319.4
135.7	258.5	657.5	843.1	1107.6	1376.6	1824.6	2105.7	2446.7	2806.3	3119.9	3483.8	4065.6	4138.9	4259.5	4817.3	4990.0	5235.2	5771.0	6914.8	6787.7	6719.4	8473.6	8319.4
135.7	258.5	657.5	843.1	1107.6	1376.6	1824.6	2105.7	2446.7	2806.3	3119.9	3483.8	4065.6	4138.9	4259.5	4817.3	4990.0	5235.2	5771.0	6914.8	6787.7	6719.4	8473.6	8319.4
135.7	258.5	657.5	843.1	1107.6	1376.6	1824.6	2105.7	2446.7	2806.3	3119.9	3483.8	4065.6	4138.9	4259.5	4817.3	4990.0	5235.2	5771.0	6914.8	6787.7	6719.4	8473.6	8319.4
135.7	258.5	657.5	843.1	1107.6	1376.6	1824.6	2105.7	2446.7	2806.3	3119.9	3483.8	4065.6	4138.9	4259.5	4817.3	4990.0	5235.2	5771.0	6914.8	6787.7	6719.4	8473.6	8319.4
135.7	258.5	657.5	843.1	1107.6	1376.6	1824.6	2105.7	2446.7	2806.3	3119.9	3483.8	4065.6	4138.9	4259.5	4817.3	4990.0	5235.2	5771.0	6914.8	6787.7	6719.4	8473.6	8319.4
135.7	258.5	657.5	843.1	1107.6	1376.6	1824.6	2105.7	2446.7	2806.3	3119.9	3483.8	4065.6	4138.9	4259.5	4817.3	4990.0	5235.2	5771.0	6914.8	6787.7	6719.4	8473.6	8319.4
135.7	258.5	657.5	843.1	1107.6	1376.6	1824.6	2105.7	2446.7	2806.3	3119.9	3483.8	4065.6	4138.9	4259.5	4817.3	4990.0	5235.2	5771.0	6914.8	6787.7	6719.4	8473.6	8319.4
135.7	258.5	657.5	843.1	1107.6	1376.6	1824.6	2105.7	2446.7	2806.3	3119.9	3483.8	4065.6	4138.9	4259.5	4817.3	4990.0	5235.2	5771.0	6914.8	6787.7	6719.4	8473.6	8319.4
134.6	335.5	251.6	1156.6	1318.5	1986.5	2210.9	2435.1	2746.0	2988.8	3362.6	3679.2	3730.3	4089.3	4460.8	5467.2	5350.0	3078.5	5887.6	7906.6	7124.9	8684.3	8916.9	9455.9
67.9	244.9	274.6	869.2	1195.7	1558.0	1800.1	2071.8	2338.1	2558.8	2739.7	3012.2	3295.0	3499.0	3947.0	5162.3	5368.0	5667.8	5841.5	6308.8	5825.9	7258.8	5846.1	6990.9
93.6	244.5	428.9	638.9	870.4	1120.5	1387.3	1669.2	1965.1	2273.9	2594.9	2927.4	3270.7	3624.4	3988.0	4361.0	4743.1	5134.0	5533.4	5940.9	6356.4	6779.6	7210.2	7648.2
95.5	192.6	402.1	610.8	787.8	1151.1	1479.6	1749.1	2113.2	2379.8	2811.0	3157.8	3280.3	3725.9	4183.4	4405.0	4693.3	5112.2	5654.4	5884.1	4430.3	3789.3	5754.1	7091.6
148.3	346.1	487.4	869.5	1283.5	1517.9	1755.3	1928.7	2032.3	2314.6	2625.8	2814.1	2983.3	3286.7	3723.7	4364.4	4514.2	4875.7	5250.0	5490.5	6898.7	8226.8	7092.0	7712.4
145.7	298.4	568.5	1021.5	1219.3	1599.3	1771.2	2000.5	2199.6	2379.8	2573.9	2708.4	3073.3	3120.0	3574.5	4249.1	4203.6	4221.0	5460.9	7293.7	6425.6	6295.3	9555.8	10930.6
64.1	189.8	358.2	519.0	911.0	1288.0	1567.7	1924.9	2141.0	2328.2	2431.0	2529.3	2806.5	3090.6	3574.3	3533.5	4775.7	5296.7	7879.9	8183.5	8998.8	9542.1	10064.7	11373.7
102.1	397.9	254.2	889.4	1107.2	1409.2	1631.3	1928.7	2173.0	2372.0	2517.9	2749.5	2899.7	3299.2	3787.2	4051.7	4627.0	5759.0	6950.0	7491.4	7756.0	8483.2	9520.6	10903.7
90.3	204.6	397.0	589.3	1233.8	1541.5	1716.6	1898.5	2250.7	2490.4	2695.9	3033.6	3403.4	3680.0	3785.5	4308.3	4174.3	5992.4	6514.6	7221.7	7613.9	8171.2	8159.7	8674.1
158.8	444.4	646.1	1003.0	1210.6	1480.9	1785.9	1980.0	2167.2	2355.6	2651.6	2735.7	3154.5	3311.8	3633.1	4153.5	5016.2	5050.2	6804.6	7666.3	8385.5	8864.9	9362.6	10382.8
44.7	70.3	399.5	514.1	1123.7	1224.2	1463.2	1707.4	1879.3	2355.9	2460.0	2636.3	2844.9	2816.6	3602.0	3841.8	5057.2	6210.7	7264.8	8020.0	8471.7	9295.0	9425.5	10032.4
61.6	194.2	376.8	565.5	854.6	1125.6	1354.6	1640.8	1838.6	2075.3	2138.0	2612.6	2807.1	3392.5	3847.8	4211.4	4938.6	5055.8	6621.5	7772.6	8708.0	9315.7	10036.2	11772.8
76.2	212.7	414.8	600.5	908.0	1131.7	1455.3	1671.0	1841.8	2107.9	2380.6	2748.9	3051.3	3458.8	3525.6	4757.4	4431.6	5466.7	6791.3	7618.0	6895.0	7512.2	8726.3	9756.9
41.7	137.7	313.3	466.8	607.5	907.8	1221.0	1532.4	1815.5	2199.0	2609.7	2822.5	3186.0	3596.3	4041.5	4767.7	4993.6	6566.3	7454.2	7708.8	8210.0	8685.4	9262.2	11191.5
65.5	258.7	278.8	485.1	711.4	1039.4	1324.8	1610.4	1827.5	2055.9	2242.7	2523.9	2908.2	3236.8	3609.7	4054.1	4115.7	4968.6	5111.3	7177.8	5542.3	8262.2	8625.4	10791.3
40.8	115.0	253.4	434.8	646.2	971.1	1276.8	1534.2	1932.5	2232.6	2592.9	2995.1	3431.4	3654.3	4122.8	4473.6	4803.2	5804.8	7692.3	5727.3	8928.8	7301.3	5531.3	12079.9
60.6	178.8	422.7	475.9	734.0	991.8	1242.7	1559.7	1904.6	2253.3	2523.8	2883.4	2991.6	3438.9	3763.2	4771.3	4471.4	4400.3	4378.0	7595.4	7563.0	9960.4	8638.8	10931.3
0.0	288.9	291.8	409.8	633.1	991.6	1241.3	1530.6	1821.9	2218.1	2504.1	2781.1	3267.6	3748.2	4110.3	4651.7	5299.4	5709.5	5311.1	7102.0	8007.2	9259.5	5246.4	11028.4
122.6	98.1	377.8	495.2	704.6	916.1	1134.6	1422.4	1580.0	1894.7	2360.1	2667.2	2923.4	3430.3	3957.5	4069.1	4870.4	5028.4	5805.6	6110.8	8655.6	10749.2	9507.1	10911.1
61.1	198.5	334.2	458.3	711.4	982.8	1244.2	1542.3	1810.3	2301.4	2623.6	2873.7	3362.3	3806.5	4014.6	4326.8	4940.8	5474.0	5495.2	5621.4	6170.2	7849.0	9469.3	8426.5
103.8	378.8	436.7	531.8	831.5	1012.5	1321.3	1549.0	1846.6	2294.3	2536.2	2781.2	3210.5	3648.6	3907.6	4274.6	4172.6	4810.3	4955.6	5265.2	6242.7	5978.0	8303.5	9136.4
81.1	249.4	285.4	536.9	904.0	1160.3	1394.3	1576.0	1836.6	2239.3	2540.6	2842.2	3214.9	3511.9	3744.1	4026.5	4267.8	4543.5	5031.7	4975.6	6138.8	6111.9	7048.6	9723.9
56.6	165.7	184.7	558.1	818.3	1076.2	1307.3	1492.7	1741.7	2225.5	2531.1	2802.8	3301.7	3530.2	3566.0	3709.3	4201.1	4593.9	4739.9	5722.2	6236.3	6968.4	6951.6	8043.7
44.5	139.3	178.3	325.7	903.4	1096.7	1318.9	1560.1	1793.2	2126.7	2498.3	2811.0	3214.3	3390.1	3605.3	4092.0	4469.3	4831.5	5190.3	4914.7	5514.0	9496.0	7207.1	8393.2

# OK: weigth at age crucero
76	216	295	420	1103	1359	1590	1926	2313	2638	3100	3394	3862	4227	4529	4838	5569	5667	6150	6604	6446	7439	7454	7697
76	216	295	420	1103	1359	1590	1926	2313	2638	3100	3394	3862	4227	4529	4838	5569	5667	6150	6604	6446	7439	7454	7697
76	216	295	420	1103	1359	1590	1926	2313	2638	3100	3394	3862	4227	4529	4838	5569	5667	6150	6604	6446	7439	7454	7697
76	216	295	420	1103	1359	1590	1926	2313	2638	3100	3394	3862	4227	4529	4838	5569	5667	6150	6604	6446	7439	7454	7697
76	216	295	420	1103	1359	1590	1926	2313	2638	3100	3394	3862	4227	4529	4838	5569	5667	6150	6604	6446	7439	7454	7697
76	216	295	420	1103	1359	1590	1926	2313	2638	3100	3394	3862	4227	4529	4838	5569	5667	6150	6604	6446	7439	7454	7697
76	216	295	420	1103	1359	1590	1926	2313	2638	3100	3394	3862	4227	4529	4838	5569	5667	6150	6604	6446	7439	7454	7697
76	216	295	420	1103	1359	1590	1926	2313	2638	3100	3394	3862	4227	4529	4838	5569	5667	6150	6604	6446	7439	7454	7697
76	216	295	420	1103	1359	1590	1926	2313	2638	3100	3394	3862	4227	4529	4838	5569	5667	6150	6604	6446	7439	7454	7697
76	216	295	420	1103	1359	1590	1926	2313	2638	3100	3394	3862	4227	4529	4838	5569	5667	6150	6604	6446	7439	7454	7697
76	216	295	420	1103	1359	1590	1926	2313	2638	3100	3394	3862	4227	4529	4838	5569	5667	6150	6604	6446	7439	7454	7697
76	216	295	420	1103	1359	1590	1926	2313	2638	3100	3394	3862	4227	4529	4838	5569	5667	6150	6604	6446	7439	7454	7697
76	216	295	420	1103	1359	1590	1926	2313	2638	3100	3394	3862	4227	4529	4838	5569	5667	6150	6604	6446	7439	7454	7697
76	216	295	420	1103	1359	1590	1926	2313	2638	3100	3394	3862	4227	4529	4838	5569	5667	6150	6604	6446	7439	7454	7697
76	216	295	420	1103	1359	1590	1926	2313	2638	3100	3394	3862	4227	4529	4838	5569	5667	6150	6604	6446	7439	7454	7697
76	216	295	420	1103	1359	1590	1926	2313	2638	3100	3394	3862	4227	4529	4838	5569	5667	6150	6604	6446	7439	7454	7697
76	216	295	420	1103	1359	1590	1926	2313	2638	3100	3394	3862	4227	4529	4838	5569	5667	6150	6604	6446	7439	7454	7697
76	216	295	420	1103	1359	1590	1926	2313	2638	3100	3394	3862	4227	4529	4838	5569	5667	6150	6604	6446	7439	7454	7697
76	216	295	420	1103	1359	1590	1926	2313	2638	3100	3394	3862	4227	4529	4838	5569	5667	6150	6604	6446	7439	7454	7697
76	216	295	420	1103	1359	1590	1926	2313	2638	3100	3394	3862	4227	4529	4838	5569	5667	6150	6604	6446	7439	7454	7697
76	216	295	420	1103	1359	1590	1926	2313	2638	3100	3394	3862	4227	4529	4838	5569	5667	6150	6604	6446	7439	7454	7697
76	216	295	420	1103	1359	1590	1926	2313	2638	3100	3394	3862	4227	4529	4838	5569	5667	6150	6604	6446	7439	7454	7697
76	216	295	420	1103	1359	1590	1926	2313	2638	3100	3394	3862	4227	4529	4838	5569	5667	6150	6604	6446	7439	7454	7697
76	216	295	420	1103	1359	1590	1926	2313	2638	3100	3394	3862	4227	4529	4838	5569	5667	6150	6604	6446	7439	7454	7697
65	193	386	620	655	1108	1535	1844	2239	2540	2887	3121	3580	3894	4324	5000	5362	5696	6533	7607	7819	8687	8629	12866
54	132	337	397	803	1524	1898	2148	2412	2653	3028	3364	3748	4193	4642	5320	6116	5975	7175	7451	8983	9215	8461	11052
61	186	358	570	817	1097	2105	2163	2582	2785	3089	3435	3916	4280	4678	5015	5671	5262	5551	6612	6049	8772	9616	10300
92	255	462	1246	1345	1768	1976	2341	2953	3137	3939	4308	4623	4901	5479	5920	6341	6297	6776	7216	8105	7580	5367	9865
110	294	398	589	770	1275	2024	2520	2694	2814	3283	3697	4172	4912	5649	6383	6836	7435	6167	7695	8247	10151	5210	9965
90	248	449	685	950	1240	1555	1891	2247	2622	3015	3425	3852	4293	4750	5221	5707	6205	6717	7241	7778	8326	8887	9459
95	253	332	565	880	1001	1413	2049	2475	2464	2737	2944	3240	3718	4232	4707	5500	6648	6119	6787	8113	7585	8078	11150
110	354	500	682	807	1119	1426	1873	2207	2573	2834	3172	3244	3728	4105	4994	5382	5979	6359	7406	7540	7852	8390	6282
53	153	321	332	775	1155	1492	1904	2364	2689	2795	3206	3420	3740	4142	5057	5806	5904	6620	7280	7796	6011	8762	9223
60	168	294	570	708	994	1145	1465	1582	1979	2545	2725	3094	3645	3907	4107	4619	5121	5556	5675	6808	6919	6454	7713
68	248	274	419	655	1082	1353	1752	2112	2634	3050	3385	3580	3991	4095	4522	4919	5301	6655	5759	6368	6645	7606	7255
66	189	518	541	760	801	1441	1667	2270	2669	2874	3048	3299	3542	3802	4091	4411	4752	5078	5967	6012	6767	7412	6321
54	188	264	388	702	993	1264	1565	1919	2320	2697	3034	3541	3930	4250	4380	4999	5499	5607	6510	6735	7119	7570	7860
111	353	416	543	809	1296	1605	1837	2085	2583	2892	3161	3625	3995	4351	4608	5129	5327	5935	6058	6024	7055	5662	7657
202	219	239	658	765	1427	1414	1666	2157	2560	2895	3079	3585	3951	4266	4684	5362	5423	5732	6516	6925	6659	7450	7478
175	251	342	452	775	1177	1310	1742	2168	2544	2895	3114	3702	4103	4385	4841	5470	5463	5760	6426	6851	6804	7522	7055
78	199	397	623	813	1189	1440	1687	1845	2449	2805	3097	3733	4097	4184	4795	5547	5631	6191	5953	6857	6622	6884	9424
82	316	311	465	869	1151	1475	1628	2011	2522	2925	3161	3725	4075	4460	5072	5363	5570	6157	6664	7035	7313	7266	7785
63	244	238	400	744	1153	1399	1583	1913	2515	2814	3052	3664	3716	4141	4791	5089	5260	5859	6199	6347	6276	8148	8516

# OK: Natural Mortality
0.21

# OK: msex
0.0000	0.0000	0.0000	0.0001	0.0007	0.0056	0.0366	0.1453	0.3012	0.4860	0.7216	0.8830	0.9510	0.9758	0.9854	0.9897	0.9922	0.9938	0.9952	0.9963	0.9974	0.9983	0.9992	1.0000
0.0000	0.0000	0.0000	0.0001	0.0007	0.0056	0.0366	0.1453	0.3012	0.4860	0.7216	0.8830	0.9510	0.9758	0.9854	0.9897	0.9922	0.9938	0.9952	0.9963	0.9974	0.9983	0.9992	1.0000
0.0000	0.0000	0.0000	0.0001	0.0007	0.0056	0.0366	0.1453	0.3012	0.4860	0.7216	0.8830	0.9510	0.9758	0.9854	0.9897	0.9922	0.9938	0.9952	0.9963	0.9974	0.9983	0.9992	1.0000
0.0000	0.0000	0.0000	0.0001	0.0007	0.0056	0.0366	0.1453	0.3012	0.4860	0.7216	0.8830	0.9510	0.9758	0.9854	0.9897	0.9922	0.9938	0.9952	0.9963	0.9974	0.9983	0.9992	1.0000
0.0000	0.0000	0.0000	0.0001	0.0007	0.0056	0.0366	0.1453	0.3012	0.4860	0.7216	0.8830	0.9510	0.9758	0.9854	0.9897	0.9922	0.9938	0.9952	0.9963	0.9974	0.9983	0.9992	1.0000
0.0000	0.0000	0.0000	0.0001	0.0007	0.0056	0.0366	0.1453	0.3012	0.4860	0.7216	0.8830	0.9510	0.9758	0.9854	0.9897	0.9922	0.9938	0.9952	0.9963	0.9974	0.9983	0.9992	1.0000
0.0000	0.0000	0.0002	0.0009	0.0041	0.0178	0.0738	0.2383	0.4683	0.6593	0.7978	0.8845	0.9330	0.9592	0.9737	0.9821	0.9873	0.9907	0.9932	0.9951	0.9966	0.9979	0.9990	1.0000
0.0000	0.0000	0.0001	0.0004	0.0021	0.0116	0.0579	0.2075	0.4301	0.6350	0.7942	0.8910	0.9410	0.9657	0.9784	0.9853	0.9894	0.9922	0.9942	0.9957	0.9970	0.9981	0.9991	1.0000
0.0000	0.0000	0.0000	0.0003	0.0017	0.0102	0.0538	0.1981	0.4161	0.6240	0.7907	0.8917	0.9428	0.9673	0.9795	0.9860	0.9899	0.9925	0.9943	0.9958	0.9971	0.9982	0.9991	1.0000
0.0000	0.0000	0.0002	0.0011	0.0050	0.0219	0.0886	0.2778	0.5384	0.7376	0.8588	0.9234	0.9559	0.9725	0.9815	0.9867	0.9901	0.9925	0.9943	0.9958	0.9970	0.9981	0.9991	1.0000
0.0000	0.0000	0.0000	0.0003	0.0019	0.0111	0.0573	0.2089	0.4393	0.6536	0.8134	0.9047	0.9494	0.9706	0.9812	0.9869	0.9904	0.9928	0.9945	0.9959	0.9971	0.9982	0.9991	1.0000
0.0000	0.0000	0.0000	0.0002	0.0015	0.0099	0.0547	0.2070	0.4482	0.6783	0.8400	0.9232	0.9603	0.9767	0.9846	0.9889	0.9915	0.9934	0.9949	0.9962	0.9973	0.9983	0.9992	1.0000
0.0000	0.0000	0.0000	0.0003	0.0016	0.0097	0.0511	0.1871	0.3857	0.5742	0.7421	0.8583	0.9232	0.9564	0.9734	0.9826	0.9879	0.9913	0.9936	0.9954	0.9968	0.9980	0.9991	1.0000
0.0000	0.0001	0.0004	0.0017	0.0069	0.0265	0.0962	0.2834	0.5315	0.7182	0.8374	0.9065	0.9443	0.9650	0.9766	0.9836	0.9881	0.9912	0.9935	0.9952	0.9967	0.9980	0.9990	1.0000
0.0000	0.0000	0.0000	0.0001	0.0008	0.0066	0.0420	0.1700	0.3809	0.6240	0.8253	0.9259	0.9652	0.9803	0.9869	0.9902	0.9923	0.9939	0.9952	0.9963	0.9974	0.9983	0.9992	1.0000
0.0000	0.0000	0.0000	0.0001	0.0007	0.0057	0.0370	0.1464	0.3005	0.4722	0.6928	0.8601	0.9389	0.9702	0.9828	0.9885	0.9915	0.9935	0.9950	0.9962	0.9973	0.9983	0.9992	1.0000
0.0000	0.0000	0.0000	0.0001	0.0006	0.0055	0.0357	0.1410	0.2835	0.4421	0.6746	0.8600	0.9431	0.9733	0.9845	0.9894	0.9920	0.9938	0.9952	0.9963	0.9974	0.9983	0.9992	1.0000
0.0000	0.0000	0.0000	0.0001	0.0007	0.0057	0.0362	0.1415	0.2768	0.3977	0.5738	0.7643	0.8871	0.9458	0.9714	0.9830	0.9888	0.9921	0.9943	0.9958	0.9971	0.9982	0.9991	1.0000
0.0000	0.0000	0.0000	0.0001	0.0011	0.0079	0.0464	0.1802	0.3896	0.6085	0.7941	0.9017	0.9513	0.9730	0.9830	0.9882	0.9912	0.9933	0.9948	0.9961	0.9972	0.9982	0.9992	1.0000
0.0000	0.0000	0.0000	0.0001	0.0007	0.0058	0.0375	0.1497	0.3167	0.5176	0.7482	0.8940	0.9543	0.9767	0.9856	0.9898	0.9921	0.9938	0.9952	0.9963	0.9974	0.9983	0.9992	1.0000
0.0000	0.0000	0.0000	0.0001	0.0008	0.0064	0.0405	0.1625	0.3566	0.5839	0.7954	0.9121	0.9597	0.9781	0.9859	0.9898	0.9921	0.9938	0.9951	0.9963	0.9973	0.9983	0.9992	1.0000
0.0000	0.0000	0.0000	0.0001	0.0006	0.0053	0.0344	0.1338	0.2552	0.3921	0.6921	0.9100	0.9711	0.9853	0.9895	0.9916	0.9930	0.9942	0.9954	0.9964	0.9974	0.9983	0.9992	1.0000
0.0000	0.0000	0.0000	0.0001	0.0007	0.0059	0.0377	0.1491	0.3086	0.4858	0.7023	0.8622	0.9384	0.9694	0.9822	0.9881	0.9913	0.9934	0.9949	0.9962	0.9973	0.9983	0.9992	1.0000
0.0000	0.0000	0.0000	0.0001	0.0006	0.0054	0.0351	0.1371	0.2654	0.3858	0.5934	0.8102	0.9239	0.9666	0.9822	0.9886	0.9917	0.9936	0.9951	0.9963	0.9973	0.9983	0.9992	1.0000
0.0000	0.0000	0.0000	0.0001	0.0011	0.0078	0.0450	0.1702	0.3498	0.5366	0.7421	0.8818	0.9452	0.9711	0.9823	0.9878	0.9910	0.9931	0.9947	0.9961	0.9972	0.9982	0.9992	1.0000
0.0000	0.0000	0.0000	0.0001	0.0011	0.0078	0.0450	0.1702	0.3498	0.5366	0.7421	0.8818	0.9452	0.9711	0.9823	0.9878	0.9910	0.9931	0.9947	0.9961	0.9972	0.9982	0.9992	1.0000
0.0000	0.0000	0.0000	0.0001	0.0011	0.0078	0.0450	0.1702	0.3498	0.5366	0.7421	0.8818	0.9452	0.9711	0.9823	0.9878	0.9910	0.9931	0.9947	0.9961	0.9972	0.9982	0.9992	1.0000
0.0000	0.0000	0.0000	0.0001	0.0011	0.0078	0.0450	0.1702	0.3498	0.5366	0.7421	0.8818	0.9452	0.9711	0.9823	0.9878	0.9910	0.9931	0.9947	0.9961	0.9972	0.9982	0.9992	1.0000
0.0000	0.0000	0.0000	0.0001	0.0011	0.0078	0.0450	0.1702	0.3498	0.5366	0.7421	0.8818	0.9452	0.9711	0.9823	0.9878	0.9910	0.9931	0.9947	0.9961	0.9972	0.9982	0.9992	1.0000
0.0000	0.0000	0.0000	0.0001	0.0011	0.0078	0.0450	0.1702	0.3498	0.5366	0.7421	0.8818	0.9452	0.9711	0.9823	0.9878	0.9910	0.9931	0.9947	0.9961	0.9972	0.9982	0.9992	1.0000
0.0000	0.0000	0.0000	0.0001	0.0011	0.0078	0.0450	0.1702	0.3498	0.5366	0.7421	0.8818	0.9452	0.9711	0.9823	0.9878	0.9910	0.9931	0.9947	0.9961	0.9972	0.9982	0.9992	1.0000
0.0000	0.0000	0.0000	0.0001	0.0011	0.0078	0.0450	0.1702	0.3498	0.5366	0.7421	0.8818	0.9452	0.9711	0.9823	0.9878	0.9910	0.9931	0.9947	0.9961	0.9972	0.9982	0.9992	1.0000
0.0000	0.0000	0.0000	0.0001	0.0011	0.0078	0.0450	0.1702	0.3498	0.5366	0.7421	0.8818	0.9452	0.9711	0.9823	0.9878	0.9910	0.9931	0.9947	0.9961	0.9972	0.9982	0.9992	1.0000
0.0000	0.0000	0.0000	0.0001	0.0011	0.0078	0.0450	0.1702	0.3498	0.5366	0.7421	0.8818	0.9452	0.9711	0.9823	0.9878	0.9910	0.9931	0.9947	0.9961	0.9972	0.9982	0.9992	1.0000
0.0000	0.0000	0.0000	0.0001	0.0011	0.0078	0.0450	0.1702	0.3498	0.5366	0.7421	0.8818	0.9452	0.9711	0.9823	0.9878	0.9910	0.9931	0.9947	0.9961	0.9972	0.9982	0.9992	1.0000
0.0000	0.0000	0.0000	0.0001	0.0011	0.0078	0.0450	0.1702	0.3498	0.5366	0.7421	0.8818	0.9452	0.9711	0.9823	0.9878	0.9910	0.9931	0.9947	0.9961	0.9972	0.9982	0.9992	1.0000
0.0000	0.0000	0.0000	0.0001	0.0011	0.0078	0.0450	0.1702	0.3498	0.5366	0.7421	0.8818	0.9452	0.9711	0.9823	0.9878	0.9910	0.9931	0.9947	0.9961	0.9972	0.9982	0.9992	1.0000
0.0000	0.0000	0.0000	0.0001	0.0011	0.0078	0.0450	0.1702	0.3498	0.5366	0.7421	0.8818	0.9452	0.9711	0.9823	0.9878	0.9910	0.9931	0.9947	0.9961	0.9972	0.9982	0.9992	1.0000
0.0000	0.0000	0.0000	0.0001	0.0011	0.0078	0.0450	0.1702	0.3498	0.5366	0.7421	0.8818	0.9452	0.9711	0.9823	0.9878	0.9910	0.9931	0.9947	0.9961	0.9972	0.9982	0.9992	1.0000
0.0000	0.0000	0.0000	0.0001	0.0011	0.0078	0.0450	0.1702	0.3498	0.5366	0.7421	0.8818	0.9452	0.9711	0.9823	0.9878	0.9910	0.9931	0.9947	0.9961	0.9972	0.9982	0.9992	1.0000
0.0000	0.0000	0.0000	0.0001	0.0011	0.0078	0.0450	0.1702	0.3498	0.5366	0.7421	0.8818	0.9452	0.9711	0.9823	0.9878	0.9910	0.9931	0.9947	0.9961	0.9972	0.9982	0.9992	1.0000
0.0000	0.0000	0.0000	0.0001	0.0011	0.0078	0.0450	0.1702	0.3498	0.5366	0.7421	0.8818	0.9452	0.9711	0.9823	0.9878	0.9910	0.9931	0.9947	0.9961	0.9972	0.9982	0.9992	1.0000
0.0000	0.0000	0.0000	0.0001	0.0011	0.0078	0.0450	0.1702	0.3498	0.5366	0.7421	0.8818	0.9452	0.9711	0.9823	0.9878	0.9910	0.9931	0.9947	0.9961	0.9972	0.9982	0.9992	1.0000

# offset
-999
